År eller termin Ydelse før skat Ydelse efter skat Afdrag Rente og bidrag Obligationsrestgæld
Apr. 2016 20.852 17.358 8.635 12.217 3.217.365
Maj  2016 14.597 12.151 6.044 8.552 3.211.321
2016 137.523 114.598 57.364 80.159 3.168.636
2017 174.578 147.002 74.664 99.915 3.093.972
2018 174.065 148.125 76.548 97.517 3.017.424
2019 173.539 149.204 78.480 95.059 2.938.945
2020 172.999 149.309 80.460 92.539 2.858.485
2021 172.446 149.417 82.491 89.955 2.775.994
2022 171.879 149.528 84.572 87.306 2.691.422
2023 171.297 149.642 86.707 84.591 2.604.715
2024 170.701 149.758 88.895 81.806 2.515.821
2025 170.090 149.878 91.138 78.952 2.424.683
2026 169.463 150.000 93.438 76.025 2.331.245
2027 168.820 150.126 95.796 73.025 2.235.449
2028 168.162 150.255 98.213 69.949 2.137.236
2029 167.486 150.387 100.692 66.795 2.036.544
2030 166.794 150.522 103.233 63.561 1.933.312
2031 166.084 150.661 105.838 60.246 1.827.474
2032 165.356 150.803 108.509 56.848 1.718.966
2033 164.610 150.949 111.247 53.364 1.607.719
2034 163.845 151.099 114.054 49.791 1.493.665
2035 163.061 151.252 116.932 46.129 1.376.732
2036 162.257 151.409 119.883 42.374 1.256.849
2037 161.433 151.571 122.908 38.524 1.133.941
2038 160.588 151.736 126.010 34.577 1.007.931
2039 159.721 151.905 129.190 30.531 878.741
2040 158.833 152.079 132.450 26.383 746.291
2041 157.922 152.257 135.793 22.129 610.498
2042 156.988 152.439 139.219 17.769 471.279
2043 156.031 152.627 142.733 13.298 328.546
2044 155.050 152.819 146.335 8.715 182.212
2045 154.141 153.088 150.027 4.113 32.184
2046 32.585 32.483 32.184 401 0